100 1490
17 14
10 2
16 20
1 8
2 13
3 1
7 17
5 19
15 14
12 6
9 7
17 19
6 11
2 6
18 11
10 12
15 14
14 14
19 2
16 9
3 1
5 15
18 12
12 4
10 9
2 10
16 12
13 15
7 2
5 8
3 13
1 16
5 12
19 11
14 15
11 1
14 1
2 15
18 6
8 19
13 12
15 1
12 5
11 11
5 6
8 15
11 4
3 12
1 4
6 13
8 11
18 10
3 7
14 13
18 12
1 2
15 10
12 4
10 16
8 3
2 4
16 10
5 13
4 13
5 14
10 1
10 1
12 17
18 12
7 13
7 13
11 7
8 9
1 9
13 2
14 14
20 6
9 17
18 12
20 15
11 7
3 2
4 13
3 2
3 1
19 16
17 14
18 15
12 4
1 2
2 2
18 9
10 17
5 8
14 4
3 6
11 1
14 4
10 4
14 4
