100 1425
5 4
18 19
16 16
5 6
10 12
7 5
19 17
1 2
11 13
4 3
9 8
1 3
18 20
10 10
2 4
14 14
19 18
14 14
7 8
20 21
7 7
13 13
14 14
8 8
18 18
6 4
4 2
17 18
7 8
17 17
19 17
9 11
9 10
11 11
10 11
3 4
10 8
2 1
14 13
8 7
5 4
3 1
4 3
11 13
13 12
12 14
3 1
11 9
9 10
6 4
4 5
14 16
7 7
6 8
6 8
9 9
7 7
4 5
18 19
8 8
6 8
8 10
9 11
20 22
1 2
6 8
2 2
20 18
2 4
15 17
3 3
19 17
4 2
1 1
1 1
2 1
16 16
1 1
18 19
16 15
11 11
15 14
4 3
15 14
11 9
7 6
9 7
6 6
8 10
13 14
14 16
14 14
2 1
1 1
6 5
7 6
11 12
18 16
18 20
10 12
