160 1600
110 99
132 121
194 183
105 94
155 144
172 161
187 175
151 139
177 166
185 173
129 117
112 100
184 172
133 122
138 127
185 174
194 183
124 112
120 108
116 105
136 124
170 159
191 179
121 109
135 124
181 170
177 166
110 99
198 186
107 95
144 133
190 179
182 170
127 116
125 113
141 129
163 151
164 152
199 188
142 131
199 188
162 150
196 184
177 166
183 172
193 181
138 126
131 119
117 105
113 101
166 155
169 158
192 180
103 91
129 117
187 176
139 128
183 171
144 133
112 100
107 95
171 160
109 97
155 144
183 172
173 161
110 98
120 109
112 101
156 145
181 169
163 151
149 138
180 169
106 95
164 153
144 132
119 107
163 152
103 92
151 140
169 157
179 167
179 167
141 129
190 179
136 125
190 179
142 130
102 91
118 107
123 112
147 135
146 135
147 135
137 125
149 137
151 140
123 112
109 98
157 145
129 118
156 144
117 106
166 154
133 121
188 177
129 117
128 117
173 161
181 170
142 131
193 181
113 102
135 123
199 187
191 179
193 181
134 122
195 184
103 91
179 168
151 139
190 178
169 157
138 127
117 106
105 94
179 167
127 116
192 181
130 119
159 147
150 139
186 174
131 120
161 150
189 178
103 92
111 99
115 104
171 160
120 109
185 174
107 96
162 150
156 145
138 127
137 126
136 124
152 140
147 135
191 180
183 172
167 156
152 140
107 95
150 139
133 122
199 187
