1920 12000000
1839780 1839768
1183967 1183955
1295923 1295911
1417746 1417734
1252546 1252534
1713939 1713927
1004729 1004718
1287811 1287800
1026403 1026391
1863180 1863168
1672054 1672043
1630847 1630835
1723192 1723180
1556671 1556659
1927591 1927579
1188785 1188774
1388868 1388857
1271823 1271811
1864223 1864211
1227949 1227938
1160634 1160623
1425572 1425561
1530143 1530132
1821846 1821835
1795209 1795198
1474137 1474125
1545971 1545960
1944818 1944806
1938432 1938420
1533167 1533156
1434899 1434888
1468185 1468173
1390235 1390224
1718723 1718712
1896492 1896481
1381143 1381131
1629442 1629431
1061177 1061165
1941297 1941286
1392992 1392980
1927126 1927114
1401686 1401675
1468564 1468553
1659538 1659526
1597908 1597896
1219876 1219864
1700995 1700984
1598276 1598264
1623001 1622989
1154044 1154033
1489750 1489738
1679207 1679196
1697794 1697783
1344190 1344179
1780803 1780791
1368237 1368225
1605357 1605345
1490067 1490055
1693139 1693128
1235827 1235815
1871480 1871469
1449804 1449792
1074866 1074854
1716778 1716766
1709325 1709313
1376569 1376558
1792013 1792002
1064219 1064208
1213909 1213898
1963128 1963116
1103941 1103930
1875523 1875511
1352159 1352147
1338500 1338488
1242974 1242962
1778830 1778819
1885464 1885452
1692231 1692220
1515100 1515088
1737394 1737382
1250255 1250243
1811012 1811000
1250620 1250609
1808397 1808386
1374029 1374017
1229438 1229426
1336764 1336752
1134009 1133997
1194732 1194721
1761118 1761106
1620087 1620076
1052640 1052629
1497591 1497579
1252412 1252401
1762015 1762004
1579598 1579586
1527422 1527411
1144310 1144299
1719004 1718993
1880722 1880710
1529415 1529404
1309417 1309406
1317941 1317930
1608202 1608190
1601435 1601424
1305368 1305357
1697371 1697360
1597543 1597532
1616763 1616751
1734186 1734175
1026894 1026883
1401521 1401510
1146378 1146366
1488651 1488639
1137816 1137804
1205243 1205231
1292450 1292438
1668131 1668119
1291559 1291548
1446706 1446695
1154457 477279
1684184 686683
1149105 621361
1613840 792979
1077583 283682
1083370 276999
1866976 1134438
1991317 1167727
1813708 831021
1833824 995285
1993610 1384800
1427820 604464
1943312 1253210
1946750 1360531
1729396 941739
1619332 665770
1380489 428140
1952488 984587
1870385 1259688
1734760 1120121
1466729 931974
1807579 914073
1862850 1291682
1853753 1270121
1982919 1455867
1323942 456734
1797794 1039895
1257877 406044
1631547 912346
1771890 898713
1558323 704386
1440509 758962
1107275 516930
1951650 1091510
1696073 883554
1164424 304357
1547117 1008562
1254461 671225
1496913 578703
1387321 445219
1757733 1028770
1935455 1238205
1962947 1022962
1512066 565306
1118841 526784
1118681 228865
1546952 620598
1389411 682722
1611921 637510
1615332 877454
1809125 1266070
1517261 638766
1345287 413962
1432564 747563
1063519 102335
1596439 622861
1797328 1015639
1290676 638045
1231809 685479
1031582 427274
1572299 999488
1128765 247835
1513062 996661
1442730 558392
1365528 511081
1510156 888575
1954174 1288332
1763528 1049233
1488591 646255
1117453 329522
1619386 1117546
1216258 699201
1051021 550000
1734439 906004
1266385 563824
1028877 93672
1174048 555786
1779359 947888
1069158 527380
1408366 526314
1910343 1069209
1680115 681871
1812491 878817
1908559 1166183
1838703 1151779
1272328 313244
1878138 1202964
1168288 285786
1454585 942435
1901044 1065686
1330646 543455
1659660 789353
1969529 1175081
1358963 838039
1555740 934677
1244678 388236
1693971 815566
1006536 387425
1973940 1315073
1887142 1116842
1361542 730372
1657085 1012703
1581131 715906
1052986 167267
1566626 640178
1790078 968794
1041507 312540
1550443 947822
1546753 613338
1833906 1022534
1643477 1005752
1695877 711198
1423785 891667
1161567 415159
1290748 708469
1982422 1400673
1847327 965056
1997243 1243951
1395941 399917
1163374 341843
1269346 540399
1275636 583042
1551921 587593
1596465 772766
1805890 888520
1553271 608334
1228946 667122
1965135 1449748
1612308 977720
1463905 882758
1528760 921260
1696659 1140905
1679469 942233
1567055 925176
1678530 805011
1961051 1178261
1546285 895592
1330716 545810
1794252 1053050
1744178 1121579
1443838 828783
1237737 703927
1138572 220493
1511464 902721
1189166 355781
1918726 1274411
1503700 982202
1233746 351016
1392198 597866
1393383 677689
1123189 290595
1206348 397662
1351668 426914
1043635 535300
1057346 135889
1576548 881028
1397360 577966
1933253 1021188
1630060 669305
1342805 655910
1554394 695687
1971797 1385654
1720730 1113273
1408043 598002
1188311 485699
1584267 938271
1921525 1110950
1547209 584448
1413430 536139
1243626 706257
1755605 824208
1077080 565768
1265963 568029
1026153 71320
1614955 673903
1054907 74957
1244074 646630
1435801 636769
1940476 1297701
1533098 546608
1582137 922341
1109183 481915
1980437 1055664
1335593 389684
1899217 950847
1802305 1264355
1493180 588884
1446981 476499
1685027 993558
1181832 284907
1806889 944184
1049546 249037
1545604 983883
1953739 1397470
1849677 950704
1922493 989957
1891931 1297735
1438679 937988
1050573 517916
1561203 885506
1362177 803995
1464271 589180
1289856 669205
1018236 218690
1703246 1049678
1659810 832803
1118370 382903
1926648 983746
1661560 773261
1071933 284171
1414717 886696
1068336 413956
1078136 294972
1126698 425753
1907784 1177124
1616553 1024753
1486729 630359
1701352 985269
1018158 91170
1920495 1124665
1151338 214445
1950870 1144281
1166011 394865
1685263 1003683
1678822 872449
1524042 862904
1840999 1191194
1285831 412168
1234304 252861
1436810 452457
1375234 842576
1215300 671396
1595329 832144
1742144 981908
1640588 759783
1642039 911409
1696116 1045221
1662336 686828
1184795 338884
1758673 1106564
1551985 724224
1307719 668989
1245324 353714
1784514 1214198
1757316 1005701
1843457 1111906
1526344 623792
1203560 545198
1590138 1077262
1869697 983783
1458206 955428
1595601 791605
1110502 144621
1030633 295165
1619832 985697
1792608 1221800
1133482 523367
1147467 165709
1099015 205575
1808362 1304855
1900240 1014790
1436669 882469
1026728 38271
1461562 486195
1996004 1207437
1983268 1097991
1990503 1022186
1589402 871701
1300657 407768
1993924 1291760
1605278 642643
1573369 688125
1470393 520369
1018054 82329
1389255 472155
1251902 519894
1380192 572291
1202528 510488
1407212 678643
1275064 608023
1053430 160439
1484741 958524
1280952 404291
1276100 467498
1658557 1098668
1582075 957197
1524099 565027
1458688 622820
1828766 874557
1005231 240186
1485884 556404
1143650 290004
1215437 322428
1674307 854212
1950619 1225329
1302576 605905
1309292 596891
1118897 563657
1314795 565087
1145708 541527
1497898 784245
1216734 337934
1927556 1180879
1295523 728393
1524652 676120
1990563 1080862
1409099 623342
1987320 1266863
1622889 720674
1776842 792984
1610028 868628
1778633 1237825
1001295 407440
1934400 1343927
1242374 417049
1598722 680461
1868085 1168473
1476513 654046
1834729 1062776
1336523 701617
1155307 301322
1244325 265664
1528141 642100
1397692 414442
1007014 56493
1671293 864199
1265088 632703
1180108 477898
1542081 881079
1822623 1284383
1346342 749526
1569926 1029518
1412251 650170
1155263 618645
1638414 781236
1209136 392850
1280182 361222
1955211 1071006
1406472 878307
1266420 591165
1378928 742404
1680451 925622
1335850 374069
1204176 508111
1471770 853523
1162510 391221
1927195 1320305
1588243 975961
1694314 881837
1816853 1032229
1442332 715725
1820017 1258389
1629196 928118
1235624 411691
1637477 1063983
1983148 1057313
1404405 754297
1181675 601941
1422143 581121
1943533 1315941
1687741 1003487
1256105 618234
1174230 239386
1517612 566123
1782554 1235533
1814908 1078013
1436259 819232
1908141 1166320
1913217 1102364
1841773 1181762
1793349 1040881
1681472 714232
1060801 70995
1566864 1049649
1480638 481411
1023499 170448
1623515 949972
1030382 260681
1538585 908039
1466570 873698
1596068 1043159
1506398 566620
1657613 864125
1159970 659856
1590488 1033346
1402725 647361
1177558 279328
1919123 973322
1727413 885908
1847397 1345470
1178614 244241
1647809 706374
1469892 849933
1519104 570777
1659816 860155
1003020 475053
1876210 1346261
1582840 743335
1729624 808853
1312151 485828
1989941 1125077
1837601 1121728
1907887 962743
1405306 446799
1951035 1275420
1902980 944765
1708383 1136460
1453345 580484
1564459 1032944
1281391 574246
1458619 552555
1256319 689079
1954459 1048279
1531879 558244
1521957 525689
1735076 800199
1416018 625328
1687134 778639
1226047 429084
1279938 566892
1721359 1135106
1224234 550796
1075032 323970
1225174 408309
1474430 906153
1256309 593346
1667818 680420
1254084 665599
1232075 568541
1550167 560195
1158460 360701
1875616 1014632
1673054 945310
1835132 942423
1640794 971853
1264631 345312
1802471 822395
1425842 717658
1698167 1019962
1574714 781241
1720944 923137
1241723 626757
1787944 1253767
1514301 785448
1831148 1148335
1209171 543853
1841093 1281716
1785166 805084
1551056 975239
1833724 864521
1007088 379127
1378211 750385
1502117 970504
1308626 408827
1123206 581519
1287035 599266
1285187 675887
1815521 1288288
1170754 584861
1308507 646596
1514956 595164
1611159 840817
1022758 483107
1724374 837393
1305459 761175
1259506 536201
1563959 744301
1551870 630913
1890249 1356393
1187298 578803
1209641 485720
1473203 715990
1566396 922578
1784677 1110163
1077619 152090
1398609 408517
1836233 1245672
1364792 493498
1246946 470474
1930517 1333146
1499333 897180
1757916 1103858
1986190 1257089
1099807 139169
1658109 681869
1594512 785860
1133580 354493
1765989 1168961
1616303 998578
1446695 699195
1731084 1091656
1916910 1043437
1551607 1045354
1152514 398616
1129215 491698
1508637 620057
1854227 942617
1466510 884107
1901177 1363207
1848181 954241
1565189 645799
1048666 472609
1914472 1037792
1600339 683569
1305573 639586
1965934 1140156
1798096 1279519
1537930 996287
1746474 1073357
1375322 585579
1627327 1096208
1855973 865723
1428287 614256
1453204 593794
1181263 266207
1080636 411621
1397102 649988
1188237 348286
1562112 618394
1388432 768026
1284510 587115
1112818 475509
1745376 1124667
1440889 477012
1117231 510742
1159744 161150
1699471 1059015
1761286 1239633
1355260 388779
1492784 526705
1750884 1037815
1953242 1235803
1778292 871110
1822545 1103047
1433162 471800
1090096 286205
1534668 544959
1233240 608813
1511003 559169
1699831 1112540
1851524 973764
1385787 603547
1473932 643017
1005812 253208
1168655 414669
1169324 387999
1896031 1354248
1247465 602135
1841264 914485
1980924 1077851
1453106 749191
1303008 765343
1730785 1061851
1296490 650012
1166258 304903
1889014 1337271
1445566 921063
1309063 363401
1937707 1244347
1351438 771071
1625351 872870
1685866 1064166
1566702 717931
1609998 1039528
1728538 1120850
1160013 505258
1948228 1184969
1972435 1188240
1688269 828178
1910184 1004697
1126336 522410
1568946 777766
1069817 442076
1000678 288545
1334570 623403
1338510 783152
1615967 713237
1671442 747488
1616440 720902
1696325 1000060
1323885 400428
1516912 972216
1378979 689392
1844825 889459
1427272 626546
1712874 805383
1883058 1151856
1491709 859236
1281459 731365
1931257 965395
1123971 348856
1762756 898680
1336452 436318
1511961 986492
1047792 516074
1059805 109892
1844262 1294532
1152458 266183
1579185 594125
1286925 570356
1044355 373386
1126600 275245
1474127 834407
1955187 1070595
1809244 1248875
1789896 1288323
1265977 393578
1249109 634846
1446190 781326
1584588 998353
1473251 583061
1439634 920684
1003276 93075
1254249 602116
1170359 226009
1625997 834244
1648127 937154
1365796 844607
1541582 895520
1016217 317356
1377095 428214
1026755 467671
1078470 531340
1359718 679580
1869467 898934
1309655 421612
1313642 735475
1288390 487703
1333879 745827
1459688 934294
1634067 773692
1652478 749295
1880801 1205690
1127588 282998
1920914 1033419
1443008 611565
1682546 1162661
1965093 1391630
1108368 353243
1178837 354584
1108112 410804
1575200 725880
1849010 1255830
1738131 883725
1505862 971787
1874659 1315057
1711607 1017538
1470521 769167
1891497 957704
1478584 622788
1602306 955765
1701655 1185641
1439188 571656
1262694 445603
1130577 386757
1305291 552878
1854968 1315871
1051900 433497
1145146 626356
1541238 560912
1301380 742990
1664541 861381
1308467 746013
1383534 452631
1695537 892933
1165121 614002
1767541 1206859
1731404 1106977
1714482 1143806
1319942 551524
1448893 863633
1718926 829512
1565878 1035579
1730083 859750
1660653 961368
1515629 768050
1439316 490752
1929752 1320879
1402441 417342
1617238 1066069
1460509 912206
1076211 255687
1067420 215746
1617437 1013600
1848064 1233881
1787786 1231504
1429171 529716
1438773 788452
1145806 161174
1732208 1073032
1387963 623839
1421127 660764
1526144 978517
1448683 449062
1242602 663504
1918136 1133002
1328734 528694
1790181 1005041
1171431 580555
1058980 249698
1125522 480772
1814852 837037
1086673 580627
1777802 848209
1425472 879327
1504722 878511
1784413 959624
1952341 1180868
1819373 955281
1250956 282061
1316191 563964
1453488 657011
1686814 1085470
1997244 1151786
1539409 679921
1003260 209550
1325648 627416
1237973 273352
1780798 1057111
1083578 490161
1197531 234353
1401215 693750
1627719 742898
1742371 864585
1228775 728122
1818529 1225780
1574674 1073071
1311190 549976
1021867 135096
1579793 933789
1329333 583523
1634062 1044328
1345684 457697
1119497 450474
1494341 850203
1325461 403351
1956206 1108699
1068250 549879
1703529 900757
1703691 1072523
1624470 688643
1655952 874107
1526398 536517
1744332 756859
1452969 907132
1467268 714164
1303089 406369
1665177 834889
1908863 1277238
1697253 1187288
1299556 568474
1825831 943410
1521000 854753
1869184 1337640
1250744 319289
1428874 735848
1374777 400642
1465192 817522
1721741 786149
1310404 789582
1310682 775566
1665730 706096
1293935 608260
1587025 881395
1293969 576475
1917449 991859
1645451 707535
1894132 1336974
1255182 604083
1210133 443048
1536371 1029008
1242732 667064
1488829 491806
1982911 1423287
1975936 1049266
1626562 961947
1469457 745105
1271755 693331
1019880 252917
1418199 593241
1887705 1104845
1997792 1436459
1229205 236771
1198680 353282
1516589 877942
1610835 671404
1050761 340253
1990477 1021564
1458084 712669
1785408 1191487
1503641 507220
1907692 1397307
1706276 981367
1112879 515888
1169421 481860
1075042 487371
1526011 939447
1378772 692097
1550681 623433
1425159 908979
1297790 528119
1224728 281842
1769690 1058116
1144006 524509
1450843 841102
1448836 502594
1029295 335596
1330690 750551
1484054 486290
1595521 912187
1053654 512074
1295492 580103
1010140 329820
1934605 1211399
1205137 413004
1792129 1039018
1848336 1261311
1936509 1141813
1811529 1216290
1279336 503456
1298732 330853
1369925 669153
1459343 853429
1357753 437058
1439732 715295
1751520 895795
1885307 1319186
1842863 1153133
1146404 398588
1283573 621927
1249046 345772
1243825 646150
1910580 1052993
1814285 1064349
1740199 1181773
1918754 1077297
1402993 802661
1377773 574352
1111960 505328
1571740 1070848
1840844 1184976
1906022 1082788
1482642 556029
1789574 1025554
1536234 714587
1109841 592836
1923738 966451
1419414 515000
1709108 942799
1843044 1026831
1268072 627109
1946154 1206308
1114483 161380
1313005 335640
1222003 623934
1501735 532651
1279157 552152
1144242 335786
1158295 253863
1520744 881239
1684084 911864
1844424 1151724
1263818 624261
1090128 130579
1153570 222652
1275093 586834
1212758 693009
1545257 675762
1404526 622737
1247321 460797
1822592 942001
1925505 1161446
1971384 1211023
1643997 1114683
1193415 508370
1667148 1065716
1738930 946092
1505977 544967
1035168 237148
1965168 1281820
1556635 866549
1790236 865509
1909963 1041248
1014150 49903
1178980 248068
1752122 1016598
1558403 947209
1934636 1246127
1095345 262593
1205845 569363
1604815 1097225
1755211 1229679
1707658 912334
1753929 1198802
1974951 1265854
1846132 1313064
1302030 458343
1088664 321149
1871376 1276909
1852138 941092
1851299 906580
1928619 1146887
1214532 632754
1319225 803701
1275915 427909
1175382 265475
1648703 908479
1411565 550602
1614382 677328
1125663 428101
1183942 353943
1673987 1022078
1091887 476870
1369574 696923
1884364 1337871
1257973 737347
1043277 381078
1414833 475879
1597545 715121
1297751 766813
1077898 126722
1513409 518146
1583274 983415
1637471 716466
1234684 420028
1276798 568466
1952609 1374186
1136981 535035
1699482 1165390
1873568 1038052
1424530 692625
1277219 735778
1385781 548168
1313867 540571
1318052 784538
1427144 922560
1711099 953615
1139234 459774
1918241 1043777
1803912 823392
1732096 864969
1801928 1001537
1929630 1380903
1133016 349569
1052992 327176
1363738 403404
1924236 1289373
1978333 1373727
1906727 1207527
1465520 732659
1443257 570291
1728333 1139794
1054564 379556
1952868 1017029
1765081 1073868
1206422 552237
1042773 373977
1275076 570478
1074655 287084
1030827 345105
1233241 384785
1593088 834547
1615449 691859
1231433 721441
1105655 121713
1242520 455809
1903040 1324939
1544013 994967
1401497 703732
1398294 722921
1875887 1125498
1275662 395526
1220851 450962
1710392 728453
1177999 201766
1956221 1443707
1864020 1045609
1107818 537873
1098150 501476
1651131 1046045
1710377 1081640
1761792 1025222
1298059 398306
1036915 38427
1258377 594161
1610614 1035819
1841317 971257
1518445 756830
1760293 1054732
1124007 140603
1782774 1024099
1469737 609861
1543321 755300
1714883 1105087
1431145 751467
1785637 1202525
1184133 584066
1503992 711299
1347712 640288
1125329 325809
1635535 700659
1521746 707936
1512792 944847
1527130 988752
1083641 152870
1980462 1175399
1723966 942982
1529107 741419
1756701 758380
1131898 501160
1424650 474784
1599155 1079810
1509200 710596
1464001 679821
1370591 694735
1969184 1185683
1682255 922187
1874425 1279476
1704835 1084063
1113918 190370
1316062 502237
1712008 1198437
1458251 905860
1015333 33354
1812200 1092944
1930517 1144470
1173033 605513
1347955 580843
1839114 1249195
1913481 969587
1607740 886730
1760044 1045245
1165925 261271
1705041 1079738
1499903 773732
1244564 626191
1411091 605991
1747809 1049074
1568703 722248
1191433 626018
1776170 1071306
1599933 684901
1050830 157516
1918162 1009902
1294217 704143
1584828 999545
1945618 966696
1721131 986659
1449894 712201
1039111 73401
1181498 278538
1487981 671647
1347511 789633
1566161 896524
1080117 186952
1725340 864753
1842253 988829
1972790 1397473
1936601 1059060
1301283 790959
1870935 904927
1917575 1409457
1155140 483881
1715540 1092209
1695387 1087651
1173937 496367
1895735 1389805
1935707 1405538
1236516 298181
1750865 874075
1685350 858519
1245370 524243
1569611 733172
1678074 1006080
1580199 809591
1643235 1035162
1490619 539591
1403288 461559
1946479 1023136
1815834 1179582
1721530 1123387
1190009 388073
1384380 629391
1249399 327364
1051038 512177
1843641 995187
1091408 231306
1667856 1063820
1004143 382964
1359119 451597
1226643 271697
1038431 221695
1505144 962874
1499080 814949
1442332 774638
1140113 216689
1718330 831792
1272696 489150
1391087 842058
1311924 608441
1541639 577755
1953831 1325607
1970752 1051392
1128818 409872
1174358 559377
1739338 748309
1408188 868759
1083070 270583
1473052 784093
1176114 190905
1060246 505367
1144017 512857
1581015 1073108
1819346 1093543
1921831 1301689
1114428 267387
1205660 673214
1551989 598767
1163413 472647
1481515 721202
1998645 1494222
1297159 325068
1606928 704960
1329175 787726
1700360 736189
1438990 936681
1685035 798750
1629702 831249
1495270 566287
1819671 1257103
1553484 808803
1827918 940331
1362093 362857
1919514 961180
1886718 1030363
1222244 357831
1870045 1218969
1765767 852422
1963970 1025658
1159330 175414
1142628 351411
1103480 334658
1602457 746681
1541134 960939
1388687 568058
1571897 868386
1220411 517144
1412437 508974
1244677 446662
1415742 496437
1732668 919435
1662065 1042849
1653327 820396
1462530 781745
1608292 721168
1188212 682794
1867834 1355046
1419405 461544
1907290 1325771
1419033 455062
1891676 953825
1249883 661474
1050088 269736
1233750 653158
1322501 705510
1003704 384143
1483362 859699
1777790 1132982
1743805 1219028
1686627 882920
1068061 388567
1809535 1025568
1355608 402395
1822205 1058192
1158406 437343
1761452 824569
1586100 796141
1776761 826097
1568002 934960
1689843 1052832
1214594 642441
1230557 298630
1008684 479043
1468513 720593
1386879 864298
1722754 907050
1992069 1444676
1451254 899967
1365296 382214
1599136 738375
1144386 549420
1788992 1008490
1154799 239164
1224884 644182
1516308 983240
1858176 963877
1509155 639974
1315673 708428
1366635 406191
1553808 754717
1565237 1008272
1167909 541742
1921977 1400764
1681598 920351
1303735 693967
1470571 933134
1411604 887439
1719731 1044921
1820168 960548
1707965 751142
1188221 312759
1143177 500755
1105332 299983
1960702 1011007
1418166 521670
1049019 171101
1378032 594300
1954384 1064553
1086748 522184
1269147 734221
1339677 507834
1261225 463982
1706284 896810
1444931 786368
1644919 1060645
1419571 761161
1948815 1210893
1241599 417863
1986322 1058336
1883029 1320592
1293073 314005
1912545 921867
1499052 911567
1267145 594541
1976247 1258171
1788882 1003776
1196490 552347
1322824 676730
1949713 1043556
1438379 843565
1131445 370360
1866688 1193685
1568252 810738
1951184 1075546
1334205 630872
1262754 636191
1262095 681723
1576369 717227
1269369 665108
1054640 495744
1751483 987301
1645908 1123817
1236661 721260
1603894 1082163
1568757 688819
1217332 450277
1683704 1155309
1722066 868932
1607320 655682
1551599 773894
1257218 350710
1190231 330670
1774764 948542
1282992 283524
1549306 1012080
1361233 420741
1242828 339954
1684342 943986
1713317 1015917
1937831 1285268
1172532 569903
1387020 643042
1841546 1061016
1088390 139972
1414788 722947
1512292 824573
1763060 1003324
1767196 892985
1055979 274846
1677446 971527
1270773 435118
1038256 396883
1442693 625848
1254194 259333
1918783 1298102
1143569 242606
1370490 481729
1607991 719143
1747108 1214136
1023256 24030
1477338 747375
1763451 995223
1852844 1184529
1536983 611238
1852515 987564
1942659 1420854
1318277 418064
1206191 629152
1083819 212788
1676338 953985
1498195 547995
1996276 1482035
1875578 1299498
1807257 1038824
1825629 1016305
1758475 880774
1640045 816783
1493339 789412
1878038 1253585
1192651 595182
1211749 655642
1999707 1147648
1818431 1127347
1544917 704992
1057498 283863
1643066 683498
1057459 237319
1721389 1128821
1259681 443536
1156599 327006
1671913 745558
1876801 1318581
1002253 416321
1174470 391576
1779547 986166
1927899 1071514
1683450 1069533
1706503 740743
1255420 592770
1308201 796196
1139668 465555
1006594 203732
1235770 397329
1766792 1191888
1601724 974814
1813114 865141
1206304 264598
1524421 846011
1411874 620368
1450275 479822
1461549 797801
1103827 110582
1811546 1031877
1003677 426705
1995887 1164870
1450958 895743
1957654 1233083
1777309 821381
1788577 824688
1469883 762980
1561397 845690
1669778 681211
1208057 254891
1741352 1030455
1907491 1077586
1490805 868477
1757973 904162
1239927 314861
1881616 1271920
1953881 1161620
1512822 544518
1803468 945970
1346416 722883
1859593 874300
1409617 815203
1573086 1020616
1243505 401383
1537492 539845
1136929 510727
1708874 1029799
1508199 875439
1385789 754633
1952423 1061270
1482414 555138
1168794 649100
1575755 813459
1471335 851368
1526105 616520
1779210 965094
1692568 1021936
1331644 489776
1324860 706052
1531186 862684
1820929 1146664
1529540 887058
1552912 919971
1606096 832485
1309597 449886
1905103 1140656
1800568 1123574
1969840 1187340
1169712 595756
1061998 109893
1447366 933780
1997005 1303606
1125347 258868
1600190 932248
1999386 1312870
1477892 480844
1112175 453991
1252033 517096
1133371 442783
1210889 409335
1527712 608582
1302364 749379
1357607 518163
1799319 1222892
1802190 830543
1895598 1238744
1605254 1054656
1228600 245425
1740616 1043473
1873521 1244594
1582428 731739
1150908 180887
1820068 963489
1870601 1327966
1235802 295321
1164746 484844
1295905 696823
1894710 975692
1810193 998021
1121079 394316
1827835 851260
1875921 1243585
1907286 1161622
1198074 349754
1228396 457101
1528856 848034
1108293 449391
1703549 1170750
1679837 919947
1716217 1170117
1208612 231865
1868810 1119071
1260707 735396
1187812 536507
1618444 824254
1476333 502750
1990161 1116709
1247155 286236
1657466 981603
1863951 1118600
1052563 541686
1721052 1042835
1144447 569632
1760621 850816
1068734 198057
1316591 397666
1025084 69868
1531779 1007118
1897843 1050047
1562256 897609
1090911 386766
1883992 1219825
1474534 785037
1903568 1249205
1461057 574999
1504211 739878
1225939 621671
1538558 888294
1619967 975846
1610014 631023
1461361 932005
1966406 1463645
1841786 1097146
1904628 1243226
1178631 371457
1991194 1370357
1354678 826247
1379222 540860
1932349 1100623
1219879 264999
1246118 629421
1171012 389361
1292443 563049
1146405 438790
1627812 996904
1934863 1394255
1290433 366732
1804280 983236
1436757 498971
1544709 743599
1268465 531940
1385603 855061
1631637 1019466
1767039 1066337
1438893 915051
1701688 1164930
1499669 953104
1042284 95127
1287122 663312
1656564 837159
1431326 813007
1397919 876445
1228964 259604
1628380 650361
1365029 592895
1938120 1068049
1784798 870743
1187694 535381
1910541 1350624
1174665 225397
1721575 937329
1657024 792272
1007291 348685
1817257 1255923
1772470 1196233
1597197 696689
1746980 954027
1437974 673145
1867923 1319971
1558263 617216
1495805 883421
1549891 737924
1688263 1058770
1836809 963664
1670660 840880
1133945 362440
1015129 316145
1243679 476169
1939693 1033573
1575234 1075061
1182185 407079
1526916 727301
1804823 1107485
1712695 972700
1641898 1119770
1713102 1204757
1353225 561377
1877850 1286145
1798037 882000
1178750 384537
1290842 355109
1942405 1008475
1759003 1083783
1539442 864932
1796007 1243099
1317629 629095
1448403 741446
1036225 496419
1113282 180084
1721164 757776
1207235 689258
1825696 1231573
1909960 1288628
1927546 1068467
1691025 794407
1946480 1020677
1037479 237853
1136984 494057
1332325 352898
1312498 511227
1324996 334976
1939017 1343888
1440266 458752
1093475 388116
1516639 806627
1982840 1374622
1869570 983779
1163004 237695
1769773 1175760
1971299 1386382
1458258 522100
1389201 845837
1853618 1245083
1908913 1231993
1198607 641705
1976367 1123894
1231672 605214
1090030 420094
1764519 829830
1311186 450734
1427375 541854
1730758 1120694
1412050 609908
1113791 242855
1715573 1156679
1433604 799647
1783365 1121480
1396025 885721
1076067 474187
1991058 1432218
1836743 1235420
1665085 1156941
1148914 319384
1695680 711019
1519883 890751
1236824 351628
1527962 619126
1931877 968236
1606467 991441
1187650 406465
1647306 1125338
1940422 1202876
1369628 565176
1258124 374681
1668962 1000915
1109148 384851
1055980 190841
1433718 709020
1083270 106549
1967542 1252688
1589130 594510
1697054 745152
1924324 1157903
1350629 698354
1690403 1157585
1425367 614351
1458962 856017
1903400 1209092
1217621 662515
1828970 966939
1393425 539769
1938060 1291436
1101582 547621
1374661 452414
1200470 336975
1713356 763728
1682795 951410
1553111 725999
1241735 483587
1837195 903107
1866781 868243
1025699 63801
1584954 1003230
1977650 978017
1459724 504900
1779905 1096016
1491924 934363
1418914 553311
1581149 1071607
1140806 335391
1130311 266138
1509588 559100
1333215 614723
1422499 502446
1006234 17436
1102713 395042
1982151 1313557
1460173 785806
1072662 209011
1970652 1265173
1526180 978189
1306752 444090
1458402 684266
1632827 947183
1168763 453409
1426556 864115
1656240 1001032
1913003 1121938
1240857 258429
1142355 314232
1693728 700588
1806680 1285268
1317891 510545
1459632 839563
1485919 828152
1269400 469530
1718445 1160622
1427332 849458
1990805 1150284
1986275 1131255
1940703 973035
1833234 1107958
1939484 1154110
1491286 683922
1092023 218433
1631534 1107494
1455818 746271
1953141 1307269
1786426 1206452
1226573 369654
1333920 436709
1350579 695043
1385003 841967
1302768 554266
1585409 629507
1182732 240542
1770693 1186920
1188079 564954
1504423 724254
1810202 1153281
1689177 955436
1767957 1095286
1757416 758867
1685015 724399
1509787 885899
1131547 552048
1376771 695684
1762212 897091
1483565 594324
1395222 662984
1071044 156177
1144694 255909
1326548 766384
1577976 629432
1739090 831841
1948914 1043609
1018355 191661
1477541 869215
1191385 626627
1671319 1098529
1057015 536341
1498775 858745
1049651 320990
1592966 889047
1021970 57066
1429211 898436
1671323 729865
1214225 417809
1584228 661601
1784798 882781
1169092 204334
1201576 633443
1424000 742066
1688645 892146
1268513 760498
1272368 671543
1757709 829581
1009956 218914
1951046 952376
1790041 1243949
1798974 899007
1381014 549088
1931637 997196
1410967 414304
1841188 1311790
1794364 1240442
1091801 572545
1638889 1105703
1293498 650034
1869232 889946
1336186 447002
1263162 713735
1874373 1081950
1413048 558501
1277854 623311
1147712 594620
1763687 868284
1713336 1132313
1617486 823655
1680586 934233
1841466 878473
1762846 1177951
1443654 750784
1163150 654057
1444232 675590
1125387 360526
1434687 593306
1326053 661780
1441721 938930
1567017 883889
1472710 719453
1079359 125293
1195099 670978
1794397 1022521
1683616 781103
1788129 958706
1382521 675799
1437732 860349
1704042 1191611
1870606 1110282
1529032 655387
1351798 388543
1984155 1013348
1245413 616670
1773618 910349
1879998 1022945
1084950 208821
1308520 357929
1769728 911796
1217790 376204
1898147 1220463
1281957 357510
1165238 446008
1199767 303084
1720854 890675
1185005 518849
1249628 321351
1003243 331149
1510089 580719
1046796 180202
1153313 632702
1253468 502378
1955155 1123088
1565132 747011
1257506 738012
1925489 1360326
1382538 463266
1517413 764864
1340359 483467
1259362 686319
1978375 1358969
1656832 853116
1458906 518492
1775061 1104737
1360189 512244
1207941 251624
1777096 1215656
