200 2000
50 40
120 110
101 91
137 127
140 130
143 134
118 108
87 78
87 77
111 101
111 101
120 110
77 67
87 77
97 87
144 134
67 57
90 81
96 87
50 41
63 53
55 45
87 78
80 71
135 126
86 76
65 55
134 124
128 119
132 123
140 131
148 139
121 112
139 129
120 110
149 140
139 130
115 105
78 69
97 88
122 112
120 111
96 86
106 96
72 63
71 61
134 125
96 86
65 56
61 52
96 87
82 73
140 130
114 104
98 89
99 89
149 140
123 113
76 67
100 90
85 75
121 112
124 114
112 102
58 48
87 78
109 100
114 105
72 63
108 98
101 92
61 52
138 128
111 102
110 101
59 49
74 64
50 41
117 107
118 108
61 52
125 115
82 72
95 86
115 106
129 119
67 57
131 121
132 122
63 53
63 54
86 77
147 137
76 66
138 128
138 128
84 74
68 58
63 53
64 54
126 116
122 112
74 64
55 46
119 109
100 91
112 102
113 103
68 58
68 58
146 136
53 44
125 115
83 74
120 110
52 43
97 87
51 42
74 65
93 83
107 98
79 69
74 64
102 93
103 94
144 134
146 137
104 95
56 47
137 127
129 120
91 81
52 42
93 84
106 97
143 133
112 102
70 61
55 46
110 101
72 63
83 73
143 134
83 73
117 107
138 128
89 79
93 84
129 120
71 62
118 109
140 131
138 129
52 43
95 85
143 133
140 131
124 115
88 78
96 87
94 84
90 81
74 64
86 77
148 139
75 65
87 78
107 97
52 42
143 133
105 95
144 134
120 111
61 51
65 55
107 97
92 82
66 57
63 54
138 128
138 128
58 48
80 71
127 118
56 46
78 68
109 99
53 44
93 83
78 68
142 132
88 79
61 51
75 66
119 109
141 132
55 45
139 129
54 44
113 103
